0.62 0.519 0.273 0.122 0.173 0.317 0.557 0.562 0.213 0.081 0.062 0.03 0.021 0.009 0.003 0.004
0.319 0.985 0.488 0.162 0.043 0.2 0.51 0.645 0.462 0.128 0.052 0.027 0.013 0.01 0.004 0.003
0.177 0.52 1.524 0.402 0.059 0.039 0.198 0.482 0.555 0.213 0.079 0.024 0.013 0.012 0.008 0.004
0.085 0.163 0.458 1.29 0.196 0.048 0.05 0.245 0.439 0.37 0.187 0.058 0.016 0.016 0.006 0.003
0.148 0.07 0.085 0.358 1.209 0.209 0.057 0.027 0.137 0.319 0.191 0.108 0.019 0.006 0.004 0.003
0.398 0.178 0.044 0.083 0.232 0.993 0.222 0.031 0.014 0.07 0.16 0.116 0.043 0.008 0.001 0.004
0.483 0.547 0.27 0.053 0.063 0.198 0.881 0.192 0.083 0.017 0.032 0.051 0.047 0.007 0.004 0.003
0.453 0.743 0.602 0.233 0.03 0.032 0.146 0.917 0.177 0.037 0.023 0.016 0.029 0.016 0.006 0.002
0.212 0.501 0.652 0.449 0.103 0.026 0.089 0.187 0.732 0.12 0.036 0.007 0.024 0.025 0.011 0.005
0.136 0.279 0.454 0.618 0.338 0.085 0.031 0.094 0.165 0.758 0.143 0.034 0.014 0.01 0.009 0.015
0.195 0.178 0.333 0.413 0.356 0.223 0.088 0.054 0.097 0.178 0.732 0.162 0.033 0.008 0.009 0.018
0.292 0.296 0.223 0.332 0.308 0.367 0.25 0.081 0.042 0.132 0.24 0.798 0.166 0.039 0.006 0.014
0.311 0.288 0.206 0.185 0.138 0.194 0.25 0.18 0.102 0.048 0.099 0.207 0.664 0.104 0.022 0.004
0.214 0.322 0.297 0.181 0.118 0.111 0.18 0.241 0.256 0.068 0.06 0.09 0.145 0.601 0.086 0.009
0.088 0.28 0.256 0.213 0.042 0.078 0.069 0.157 0.259 0.15 0.084 0.037 0.101 0.134 0.402 0.092
0.179 0.227 0.37 0.286 0.079 0.068 0.086 0.173 0.223 0.263 0.253 0.089 0.035 0.067 0.115 0.302
