1.197 0.226 0.044 0.053 0.014 0.062 0.111 0.084 0.04 0.05 0.027 0.019 0.003 0.001 0 0
0.283 2.865 0.172 0.021 0.02 0.055 0.072 0.07 0.07 0.052 0.046 0.014 0.006 0.001 0 0
0.003 0.669 4.203 0.147 0.014 0.046 0.047 0.076 0.082 0.068 0.049 0.025 0.007 0.001 0 0
0.017 0.032 1.473 5.713 0.061 0.058 0.064 0.092 0.08 0.1 0.057 0.034 0.008 0.001 0 0
0.019 0.016 0.007 0.626 0.31 0.036 0.024 0.03 0.02 0.026 0.014 0.01 0.001 0.001 0 0
0.02 0.077 0.026 0.147 0.201 0.122 0.021 0.029 0.035 0.032 0.009 0.014 0.005 0.002 0 0.001
0.039 0.256 0.181 0.127 0.037 0.066 0.06 0.043 0.048 0.026 0.022 0.003 0.006 0 0 0
0.067 0.155 0.122 0.068 0.015 0.044 0.061 0.046 0.054 0.027 0.004 0.01 0.001 0.002 0 0
0.022 0.092 0.079 0.349 0.007 0.023 0.022 0.031 0.069 0.026 0.03 0.008 0.007 0.001 0 0
0.197 0.219 0.152 0.599 0.006 0.03 0.057 0.05 0.049 0.031 0.039 0.018 0.004 0.002 0 0
0.05 0.375 0.502 0.591 0.006 0.016 0.043 0.044 0.057 0.082 0.043 0.023 0.006 0 0 0
0.155 0.357 0.329 0.41 0.007 0.06 0.023 0.04 0.053 0.04 0.036 0.04 0.012 0 0.001 0.001
0.074 0.075 0.04 0.205 0.014 0.002 0.018 0.051 0.012 0.019 0.015 0.008 0.026 0.012 0 0
0.002 0.028 0.011 0 0.002 0.002 0.013 0.006 0.006 0.009 0.002 0.016 0.009 0.018 0.011 0
0 0 0 0.008 0 0 0 0.008 0.008 0.021 0.035 0.021 0.008 0.008 0.008 0.021
0 0.021 0 0.021 0 0.008 0 0 0 0 0 0 0 0 0 0
